Cluster(0): 12091 16005 32031 53063 41039 56021
Cluster(1): 4005 4019 40109 48491
Cluster(2): 8091 25001 30049 36079 55133
Cluster(3): 1089 6113 8031 17077 21067 45079 48157
Cluster(4): 6017 32005 49053 53035 13053 53029 53061 6057
Cluster(5): 6011 6039 8055 40077 6047 48219
Cluster(6): 28057 38083 48229
Cluster(7): 48323 72001 72045 72101 72129 72131 72027 72039 72047 72141
Cluster(8): 24033 26089 31055 33015 19153 46065
Cluster(9): 1101 8003 37081 39061 40151 47093 47037
Cluster(10): 6097 38017 48381 8041 16001 38035
Cluster(11): 8069 27053 55025
Cluster(12): 26125 48397 51041 17097 51735
Cluster(13): 72077 72091 72095 72099 72103 72111 72151 72105 72019 72065 72079 48127
Cluster(14): 21131 72011 72017 21051 21057 72055
Cluster(15): 6013 8037 48121
Cluster(16): 72007 72043 72059 72109 72115 72123 72149 21237 48489 72075 72085 72133 72153 5077 72029 72143 72145 28055 48389 21119 72041 72013 48261 51027 72071 72005
Cluster(17): 9009 24041 29051
Cluster(18): 5107 28117 48165
Cluster(19): 27109 31109 51153
Cluster(20): 9007 34025 44005 36001 44009
Cluster(21): 12117 38015 51683
Cluster(22): 6003 41005 49035
Cluster(23): 48247 72009 72057 72063 72067 1011 22035 72015 72069 72119 72121 72051
Cluster(24): 18011 20177 23009
Cluster(25): 29189 35001 46011 26077 26111 33011 51087 45013
Cluster(26): 28053 46089 48215 28119 48283
Cluster(27): 1013 1017 1041 1049 5129 13099 13253 28013 28123 37083 37131 48115 51083 51111 51173 51195 21071 37005 48255 51135 72087 28107 28139 37193 28031 47045 48249 4001 37093 48271 48369 48399 1039 1123 12079 28043 37027 37155 37171 47107 48069 48079 48279 48495 51181 51185 37017 37117 37173 48313 5093 12039 13087 13187 28127 35031 37079 37091 37157 37161 40057 40135 45009 48055 48207 48335 48445 51009 72037 1121 12063 13023 28099 28137 40141 47063 48075 48153 48217 48253 48287 48325 48341 51067 51197 5113 16073 28085 29187 37045 37069 37143 37167 40133 46109 47155 48023 48191 48197 48455 48467 48475 48493 1115 17065 21143 28023 28077 37039 37073 37153 37163 45029 48185 48291 48315 48331 48373 1043 1071 13013 13085 13217 17003 22075 28037 28061 28091 37047 37111 37197 37199 40063 40089 48013 48083 48145 5047 5133 5137 12093 13129 13181 13295 13297 17059 22125 28039 28065 28115 37065 37177 40005 40127 45057 47035 47053 47171 48149 48407 51001 51053 51097 1021 1057 1085 1127 5083 12043 12059 12077 13019 28005 28129 40067 47103 48387 1061 13111 13143 18087 29093 47081 51143 1059 1113 12013 12027 13083 22029 28069 28095 28141 28153 29023 29035 37009 37033 37061 38029 40061 45087 47047 47077 47143 48177 48419 51036 5035 28003 28097 37181 40001 45021 48123 48395 2158 5041 12051 13071 13081 13147 13171 13189 13191 13209 13291 13309 21199 21217 22021 22067 28019 28145 28155 28161 37075 45023 45039 47003 47059 47183 48051 48089 48169 48275 48285 51117 51530 1023 1065 5037 12049 13093 13157 13161 13205 13293 21009 21115 37015 45025 45067 45089 51183 1027 21125 22065 37185 45027 47023 47075 1063 5095 13043 13107 13123 13273 28017 45005 45033 47069 48107 21235 22083 28015 28093 48095 13119 21075 28079 28147 72049 1005 1119 28063 1131 28007 48101 72053 5123 37121 48239 13069 37115 45059 46043 47019 51049 51159 1099 13279 13281 21221 22107 28159 35029 48327 51193 12037 13137 13255 45011 47089 8023 13045 13235 13257 28025 48411 48437 2050 5145 35011 37043 45017 45031 45037 48155 48193 48223 48345 48353 48461 54055 2188 5071 5141 8021 13241 13275 21017 34011 35059 45071 46031 47051 48147 48151 51079 54081 5063 13305 21089 21107 22119 40049 48225 5091 17191 27029 35051 37057 37085 37101 39145 47021 47105 48035 48063 48173 48337 48383 48501 51187 1033 5027 5103 5139 13145 13207 37041 37141 40075 46045 47119 48267 48363 48449 51145 1051 37013 40009 40041 46095 47145 48429 48443 2013 8087 12105 35039 37097 37113 37159 46021 27087 27125 35015 37029 37137 38005 40055 40121 48057 48161 48499 16075 17027 17087 17127 17189 17193 38049 40111 46023 48497 27151 29175 38065 40035 40097 46009 48257 12023 21019 27089 28109 37019 40115 46041 46071 48343 4007 16067 27107 38041 38063 38085 46003 46073 30109 35045 37025 38031 46121 48071 48321 48365 48375 48401 51740 28131 46091 48135 48227 48277 51093 53001 12131 38045 48005 48159 48425 51031 1015 37035 48049 48081 48319 48483 51119 5031 5115 13117 13225 28001 37001 47163 48417 1077 13021 13139 35053 47031 51047 51065 51137 22069 35021 48311 51057 1083 2180 12065 13115 13311 25005 37127 40099 45007 45041 45043 45073 13261 36047 37195 45077 51113 37165 45075 48015 48307 48333 51147 1109 24510 51515 13277 29510 37011 45083 48189 51133 1095 13313 28113 48297 48481 48503 51155 51191 37023 38043 48293 28101 37071 40079 40091 40095 48003 48391 48409 37107 37109 38103 46067 48045 48133 48237 48487 28067 48349 48413 51730 51800 48477 51520 51620 47011 28029 37077 48073 1055 17165 17181 38037 4012 48213 48415 35025 40069 48175 48385 1047 51175 4023 48117 48371 36005 48137 51131 51590 51595 51640 28151 48087 45047 48119 5069 8109 13009 21021 21049 51165 42101 8105 13185 48231 48473 51019 1097 2070 22079 40101 48053 51115 1001 9015 21037 22019 35007 37059 40025 45003 47009 47189 48447 51069 19167 21209 24047 29213 36105 40019 40051 40137 46069 46129 8009 12069 18043 40083 40087 48357 5051 12111 13177 17199 27111 29097 30037 30079 47165 48139 48203 48299 51023 51127 2290 10001 17091 20011 20023 20195 24015 26039 26159 27005 27033 29145 29159 30071 30073 31105 36011 36039 36043 40113 46061 46105 46115 48211 53019 54107 8029 19141 20115 22089 29021 30059 30061 31071 36013 36025 36095 36101 36117 36123 39025 40045 40153 46015 46059 46101 46125 48009 13097 16035 18019 23003 27021 27051 27159 30107 31057 31125 39023 40103 46087 48179 12083 17081 20019 20209 27105 31061 46097 53039 8115 12053 16087 17121 26027 27071 27121 27129 27135 27173 28033 29079 29099 38081 46123 48199 48361 12097 13151 17083 17195 18083 20147 26033 26149 30033 31181 35057 53049 8121 16049 20205 26115 26145 26147 27063 31065 39093 41031 55051 55059 8073 17049 17119 20029 20047 20181 21093 27035 30019 30083 31031 31069 36063 36099 40145 41001 41049 41057 48065 49013 55125 56017 5007 12081 13063 17161 21015 26025 27009 27055 27057 30027 30047 32011 36015 36037 40007 40139 41037 41065 46005 46035 56003 16017 20033 20109 24037 26019 40053 46117 55085 17067 17115 18067 27161 36041 36045 51570 19193 24009 26107 27145 30077 30081 30095 36051 36053 55007 55101 55127 23019 23031 46083 2231 8081 13153 17203 18173 26029 27147 31029 46033 20159 27137 39085 56019 26139 31135 41061 56043 13247 20113 24013 30009 36113 39153 51085 17029 27169 30099 31165 36023 36071 36083 46135 51177 18141 24035 39017 39165 44003 18097 21073 36029 37089 55079 12011 12061 13057 20037 22051 40071 51775 26021 27149 36065 39095 45035 48019 12071 27067 30017 35027 47125 48485 51149 56013 12035 20119 20185 8077 17197 20015 20101 22015 31099 41029 41041 41071 19033 30029 31033 49019 56033 8065 12019 18003 20145 40031 41055 46081 49051 16085 49003 53053 2261 8079 40017 46093 16025 35035 41007 20025 37051 49039 53043 53057 8103 16055 16069 16081 53009 6009 6063 32510 48027 4025 6045 30041 41047 51700 6043 12113 51650 20057 48259 12087 27027 41000 41053 37055 53037 12115 24025 26081 53031 20173 27013 29183 30111 53073 2150 8045 17111 26055 30001 46099 56035 19113 25023 55063 2280 17167 20079 20111 26103 30043 55035 8007 9011 19163 26047 27103 29095 29101 30045 31179 33001 36069 51179 12085 33017 36103 8111 25011 33003 34005 33013 36091 36093 42017 24021 26073 33005 17109 42045 50015 50027 42003 50023 50025 50001 23015 23023 36007 36085 50013 50021 25003 30097 36077 27131 31127 34041 55033 18005 18167 30093 34015 40047 18163 27083 30039 40003 8085 17201 36019 8083 21117 25013 34001 38093 1003 22017 45051 46111 48245 51710 13051 13215 48033 13245 35017 35055 41027 51790 21227 22073 51820 5045 37175 47001 54011 5143 35003 36021 51099 13127 29031 47149 21111 21239 37021 39035 1073 8123 12057 27007 40039 48265 48339 48359 36111 45063 48091 48441 37125 47157 48167 28121 48471 12099 17089 25027 29077 39113 46013 51061 12021 12095 21185 31045 37129 12109 13073 20051 24003 36067 9005 10003 36027 39055 5119 24005 25009 36055 22033 39049 40147 37067 39057 15003 17143 12031 12103 15001 15009 20187 30051 35043 51550 37031 37049 12005 12127 16033 20035 20155 30075 38003 48221 48367 51073 56015 16011 20081 20171 26099 41059 56027 8043 20053 20067 20137 26049 27041 32013 41019 41033 41035 45015 46019 53041 53051 16059 17159 20001 26007 26017 26121 30091 32033 35061 49047 53027 20165 21047 27077 4015 6049 32009 48103 48251 16027 16047 20075 20203 27119 38001 38007 38095 46107 53047 6033 8099 20175 27069 37191 38067 48421 53025 16053 16077 30085 48097 48233 48281 20069 26163 28075 38059 48181 5131 16031 17163 20125 30035 38089 48037 48195 53013 48309 48469 27113 37105 38053 48295 8011 8101 21145 28059 31157 38011 30005 8089 41045 45085 30021 6105 17185 20099 27167 41011 49007 16083 20093 35009 38061 49009 53017 6093 30101 32003 38105 48011 48039 20009 20065 20097 26075 32007 32017 53003 16051 20133 20199 27061 40131 41043 53015 16043 30011 8001 8075 13039 19189 20189 31119 41015 53045 53059 20095 20105 29169 41009 49045 19081 19195 19197 20157 31171 31183 16061 17179 19063 19069 19083 20007 20039 30087 31049 31081 31087 31141 56031 16007 19109 20089 26155 27039 31149 31155 17063 17141 19057 19079 19151 20135 27025 27059 29037 30105 31047 31083 49031 53069 22115 26041 26067 26087 2201 17095 17103 19147 26053 16003 17007 17053 17073 17155 19045 19129 19155 20141 20191 26069 26105 27017 27047 27099 29043 31035 31089 41023 8125 17177 19071 20013 20017 20027 20121 26009 27049 27079 31053 31121 40073 41025 46119 55021 8095 19031 19145 19175 26137 18059 19015 19087 30055 31073 19021 20153 31101 31185 49033 19127 20123 31159 46063 55131 19049 19059 20071 27141 18063 27139 20143 31111 41063 8015 8057 24017 31001 56007 6027 13179 31025 31113 31145 56023 56037 6005 16023 16041 20179 49041 53065 16037 26037 37133 16063 20061 56009 56041 16015 56011 20063 31079 20169 31177 31091 49017 55029 18081 19013 19017 19149 23007 36107 39045 39133 42019 55093 18127 30069 55009 55139 29147 39063 55087 39103 46079 55097 23011 23013 17187 20031 29005 39109 55031 55055 55117 17011 17107 17129 18085 19161 20059 26043 27157 31021 31131 31151 39043 39089 39123 39151 46029 55039 55073 55105 55141 18151 29003 39167 55043 42049 42103 42129 19061 19191 23027 42089 17137 18013 42043 20129 30089 19123 39099 50011 54079 18095 18099 19125 23029 26003 30053 36009 36075 39139 39169 42069 42081 17041 18091 19027 20163 21163 26059 26165 27023 27085 30023 31043 31095 31123 31175 36115 42007 55103 55111 55129 26005 36017 36097 46127 55003 55113 5125 16021 18089 19007 20167 29029 30007 34033 46077 55005 12129 17099 17183 19179 22095 26127 27011 27043 27073 27127 31067 31169 35023 36073 41013 19143 20021 20043 20207 27095 27117 27155 31015 40129 46025 46085 16079 27133 29209 36035 36057 46053 12089 13169 17005 18077 20201 21211 24001 24043 31039 40037 40093 46057 48077 55123 12017 13029 17009 27045 40043 40081 48059 51015 10005 22011 41069 54003 24011 29083 29167 29195 29217 47127 51017 40015 40149 51171 13159 22111 47147 5135 13231 21005 21007 22031 22121 26141 48241 48433 51071 54035 5081 12007 12045 12119 12121 17157 35006 40085 51580 13223 26051 26129 29015 48111 55041 18101 21029 26011 29059 29141 29171 39015 18027 18125 29039 39087 18175 21179 22063 29113 39071 54105 13103 18047 18119 18123 29009 29013 29045 29135 29151 39047 54091 55019 18071 18075 29197 39073 50009 51045 26079 29199 55083 18093 21091 29129 42113 54073 55115 18137 29115 54103 17169 29033 29075 29121 17017 18037 18055 18065 18147 19009 19097 23025 29107 29111 39059 39119 54051 55023 55027 55135 19047 19133 26071 31147 36049 42035 42117 54057 55099 17021 17039 17045 17071 17085 18001 18029 18109 18145 18153 18169 31133 39007 54029 55013 55075 4011 8033 17075 17105 17117 17125 18051 20107 26031 26101 26133 27093 27165 29063 31139 32015 39027 39101 39149 39155 55011 55017 55047 19093 19171 23021 29087 39159 55071 55081 17015 17131 17175 18103 18129 19065 19095 19131 19183 20073 29049 31011 39003 39143 55037 55045 19099 19111 23017 39039 18133 20005 18015 18023 19037 39011 39147 42115 18021 18121 19177 39021 39069 42083 42123 18073 18181 19117 20117 55065 18007 19005 39137 39171 39175 18017 18049 19043 19173 29025 39107 29205 39077 39091 17171 18009 18139 42013 42047 42105 18031 39033 42065 42121 39019 39031 39115 42005 42061 42099 29173 39067 42033 42053 18135 18171 39157 18111 29041 29103 39013 39037 39081 18131 19185 29057 29081 29177 39029 39117 55067 17135 18061 18113 18161 18165 26151 26153 29061 8061 17023 17079 17149 19023 26013 26095 26097 26113 26123 27065 29137 31107 35037 39097 39129 55057 55077 55091 55121 55137 5053 17061 22005 27115 27143 29053 29109 33007 46039 54095 55053 55107 55119 24023 26063 27097 29011 26119 29225 39141 17051 21225 26001 26135 29219 55001 22087 26035 27153 40105 20003 26143 27081 27101 17139 19119 27001 31037 36121 18177 30065 55069 18053 19051 31163 40011 54009 19053 27015 29117 29127 42079 23001 50019 54033 54049 17173 40117 17057 20183 31129 46051 26117 26157 31023 17035 32027 30025 31027 26057 31051 17123 19025 20077 26015 55095 19067 19075 19105 19159 20041 31003 31077 18069 19011 19165 27075 27171 31017 31115 18183 19001 19003 18159 19077 19085 19115 20139 18033 19039 19107 31093 39051 18179 19019 19055 18107 55015 55049 26109 26131 29227 31097 19089 19135 19035 19121 20127 8017 19029 19073 19091 19137 20087 31059 31041 31063 31143 26023 48289 51005 5005 5009 5085 12101 20049 21157 29071 37053 46049 48067 51670 5015 12055 21101 36033 46037 17025 17055 45055 12125 17145 51560 29007 18045 55061 39135 42009 42025 42097 42111 42051 42087 42107 39125 20131 39005 42015 42039 39083 42085 42131 39065 42127 42125 42133 42037 42073 42055 42075 42021 29105 39105 54093 18041 18079 13025 18117 29211 13183 18155 5013 5029 5059 17013 29131 29139 29186 37169 47085 5003 13319 22085 29201 54017 54027 54041 54077 22023 22059 54053 54063 5105 21039 21081 21191 29215 5025 21103 21223 22093 29085 39079 54071 5039 5109 22053 29149 29185 29229 54023 54075 5101 12047 13229 13251 18143 21149 21155 29067 1129 12133 13035 18149 22045 22117 29055 29125 29153 37007 39131 40107 45081 47079 47131 47161 51011 5057 5061 5065 5099 12123 21083 21167 22013 22043 29073 37187 40029 47043 47055 48403 48457 21033 28111 29091 37151 40033 47167 54099 21097 22049 48263 5023 12075 22027 24039 46137 1025 5001 13299 21161 51063 51109 1053 5087 13015 21123 21213 22109 37003 37095 45049 47117 51033 5055 13001 21229 22037 22047 22101 40023 47073 48093 48405 1107 5117 13017 13091 13201 13227 13249 13263 21105 21141 21173 21215 22091 22113 47005 47177 51007 54019 5149 13011 13049 13075 13131 13287 21023 21177 29207 47017 1037 5121 13105 21079 22001 22099 29123 48305 1019 1035 1075 22025 29065 45061 47099 51029 54045 5127 21183 29179 47007 47097 47121 51037 5073 13199 13213 13233 13269 29221 47115 47153 51169 1007 5067 13003 13055 13125 13283 13307 21043 21137 22007 29143 45065 47029 47101 47135 51081 54059 5017 13163 13259 21087 21195 21201 21219 22009 29069 29133 29155 29223 45069 1029 1111 13133 13165 28103 47025 47123 48163 1093 13239 13243 21095 51035 51167 13173 21207 47139 51025 1133 29181 47095 48131 21193 47013 47169 51051 51105 21001 21011 21025 21121 21127 22039 28157 21099 21133 21135 21169 28009 39075 47061 47087 47173 21031 47057 47091 5021 21085 54101 5147 13289 21061 5111 13149 21065 13065 21165 21171 21203 47049 21053 21159 47133 21045 21063 21129 21175 47067 21231 72073 21013 13037 22123 47041 13007 13155 13271 13315 21069 47083 47185 5075 47015 54005 54109 13167 29017 47159 5049 13197 21187 47071 1079 51139 54007 54013 54031 13267 21027 21181 22003 47033 13321 47109 13005 29157 54087 35019 39001 21055 39163 48351 22081 22127 54089 13027 13109 22077 13195 13303 54001 45053 47039 13033 22041 5011 13317 22057 22097 47111 13141 21197 54043 21003 47151 54015 47027 51077 13193 45001 13211 21041 48125 1091 13175 13237 22105 13285 51163 54025 1009 5097 5079 26085 29119 5089 12107 37145 48379 5033 12041 13047 37103 13079 21233 54085 18025 21077 28041 12067 54067 24019 26083 54065 54083 39053 54097 21139 13077 29027 48235 17047 31173 51685 12015 19139 27091 17001 17133 26091 40059 46075 34029 18035 33019 36031 8063 31161 46047 34009 26061 54039 54069 51043 36089 36003 17033 31085 19187 32001 38009 1045 6065 6071 6091 38033 4003 38097 40065 48183 38073 38091 30003 6077 6099 38019 38023 38039 38055 4009 38027 46007 48129 8071 53021 28045 35005 37139 1069 28081 48007 51770 53077 1103 13095 35047 40013 47113 48171 28087 40123 45091 1125 37149 47179 21035 21113 37099 51157 51840 37037 2185 38099 48021 48031 48187 37087 37179 48431 51101 38069 6029 6069 38025 6015 6103 38087 40125 28047 53007 12033 22103 28073 47065 22055 28035 45045 36081 48451 17037 31019 30067 20103 27019 27031 29047 8027 30057 48205 17093 30013 20083 30015 8039 46103 20151 26093 56029 12009 38101 41017 2130 2240 26045 41021 56025 49055 6109 53023 32029 16009 32019 32023 32021 16045 21059 54037 4017 4027 6021 48001 38013 48459 5043 37123 48017 51141 51089 1105 12029 17069 1067
