Cluster(0): 8005 8019 8059 8067 13113 27109 51199 48121
Cluster(1): 28105 34021 37189
Cluster(2): 29089 42069 42125 42001 42133
Cluster(3): 2020 2220 16001 38015 38017 38035 41005 48381 16081 51810 53067 49051 8041 49005 49035 53031
Cluster(4): 13089 28089 35049 37119 48157
Cluster(5): 2090 6057 53061 6017 13053 53029 53035 8039
Cluster(6): 19103 26161 51107
Cluster(7): 6071 16053 20069 20093 20081 30051 35005 38079 6065 48355 6101
Cluster(8): 4001 6039 53021 4027 6047 16033 6011
Cluster(9): 1117 13117 21067 29189 17097 36087 51087
Cluster(10): 16057 20161 30031 8069 55025 17043 20045 50007 12073 13067 51095 12001 26125 25007 27053 46027 17019 55089
Cluster(11): 4023 48369 48463 28133 36005 48117 72119 5107 28051 28069 48341 48495 48501 28063 38051 46089 72087 48131 48163 48247 1131 21071 28017 28143 35029 45005 1111 21001 21119 21193 28009 28093 48017 48255 51105 51159 13165 13243 13307 28097 45033 48107 48191 51167 1017 1049 1059 1093 1105 1133 13273 28123 29181 37123 37131 48445 51025 51035 51083 51111 5123 13069 28117 48013 48111 48383 51089 51135 1005 1085 1119 5093 28007 28019 28079 28095 28163 37083 37155 37193 48153 48249 48317 28031 28091 37027 37061 37091 37185 38029 38047 48449 1067 48069 48189 48435 28151 45009 45065 48101 13277 48137 48271 51131 51690 48327 48437 51730 1095 28025 30107 35033 37023 37195 40069 48411 51590 12063 37011 45031 48353 1043 1123 5035 13087 28113 37005 37121 37161 47063 48023 48057 48063 48073 48103 48197 48321 51009 51181 51197 28137 29023 37017 37057 37109 37143 37157 40095 48217 48349 48363 8087 28085 28101 37107 38103 48133 48227 48415 48483 4021 37071 41045 46067 48175 48375 48409 48429 8099 46007 53025 4017 6099 46102 6029 6077 48087 20055 48135 48219 6021 8023 17087 35025 48297 35031 37171 48293 13083 28029 38083 48001 48279 51175 17009 28107 48079 48105 51195 37173 48005 20067 30037 35011 37165 48481 51620 40139 48357 48385 48431 29510 48443 48487 13187 45047 45083 48477 51119 51191 51520 12065 28001 35039 45007 45075 48473 48503 51067 1015 1033 5015 8021 13015 17005 37045 40091 46045 48325 48345 51031 51515 1047 13115 13137 13227 13045 22105 37115 45071 48089 13099 28145 28155 28159 36033 47019 48307 48399 51001 51193 1039 1099 37009 47047 48003 48093 48123 48225 48475 51117 1013 1053 1071 12079 13129 13157 13189 13201 13255 13279 13295 16073 28003 28015 28037 28065 28115 28127 28147 29035 37075 37163 37177 37181 40127 40141 45011 45059 47023 47045 47171 48275 48419 48461 51173 1057 1113 1127 13019 13173 21079 21143 22075 28005 28061 37003 37095 37153 40061 40089 45023 47107 48145 48185 51007 51143 51185 28099 37047 48391 51530 1121 37117 37151 40079 40135 45057 48155 1009 1115 5033 5047 12043 13181 37073 37111 46137 48373 51670 5065 5113 12041 12045 13013 16047 17157 29187 37103 37197 38043 48337 48467 5103 17145 28077 37039 37069 37077 40077 40133 46049 48025 48239 48493 1055 5091 12055 12105 13291 16077 20209 27087 27105 28067 35015 37159 38045 40111 46023 48081 48257 48343 48365 48401 51155 12023 13047 37085 38037 38041 40115 48179 48213 48497 5009 8033 12083 16087 17027 21019 27117 29071 37053 37141 38049 40055 40121 48277 8055 8063 12111 12131 17081 20203 29159 35057 35061 37043 37101 37113 37137 37191 38025 40101 48035 48037 48203 48251 48499 8089 28109 37087 5131 8001 12097 20187 26163 37019 37097 37139 38021 38039 38053 48021 48053 48139 48245 48425 53047 16027 20075 37105 48469 51093 51800 8105 13245 28045 35003 48187 1069 1103 13145 13185 35017 37025 38031 48485 51710 13215 48367 8101 12005 17163 20119 20189 30091 31157 32003 37031 37049 38059 38063 45051 48181 48211 51073 51149 8095 12081 12127 17029 17201 18043 26021 30099 36051 38011 40071 41071 46015 51775 55101 12071 13077 13151 17119 27083 27149 30047 36053 39095 46035 48033 48299 51570 55059 13153 17161 20063 20065 20159 22015 26099 29169 41055 46005 56013 56015 2282 17179 20095 24017 27009 27035 27061 31001 40131 48019 49017 56043 2240 16015 19033 27057 38033 53003 2150 12019 16017 16069 20011 20035 26075 27041 30041 31031 31111 31171 40031 53043 53059 8061 16029 20153 31033 31135 38075 46063 46093 49041 49045 56023 56037 19041 20101 20123 20179 20181 27039 31063 56005 13179 27025 31145 56009 30019 41009 49031 53065 2280 8017 16061 19147 20023 20053 20133 26041 56041 26007 26121 27051 30011 31105 17155 19109 20195 26087 26147 26155 27017 27063 31087 31167 55051 17175 19069 19197 20077 26017 26115 31077 31129 49001 17083 20207 26067 27155 17047 17079 26013 26117 31125 31163 41025 8043 17099 17103 17195 19143 20021 20205 26027 26039 27001 27023 27047 27073 27129 30077 31071 31173 41013 46019 49013 16035 17095 18083 22115 27033 27089 27093 27101 27127 27159 29099 30053 46003 48059 49047 8009 8115 16021 17091 17121 17189 18019 26159 27069 27107 27151 31123 38013 38023 38065 40113 45015 48233 8125 30079 41037 46021 13063 30085 38067 48097 53049 32007 32013 38055 38057 38061 41001 41059 48281 53017 30003 38069 16031 32011 35045 35051 41031 51740 16063 21047 38099 48071 8025 17151 46041 16075 17055 17065 17127 17191 41049 16067 37093 46121 17193 32021 32027 51560 17025 17059 47167 48459 5089 21089 26095 35006 37145 46031 48237 5005 5023 12101 21157 27029 40041 40097 46061 46109 47155 48119 5139 13217 13297 13311 40009 40019 40075 40099 47145 48049 5069 21049 21161 22079 31047 37013 45017 45055 47051 48223 48311 5027 10005 13225 13241 13275 13281 18039 37041 37127 47021 48193 51047 5043 5145 13009 51057 13285 45073 48267 51165 5019 22069 35021 47031 48471 51137 1077 21021 47163 1083 1097 5115 36019 36105 40013 46091 47105 48015 48205 48231 48447 1001 1051 2070 2185 5051 13029 21211 22019 34001 37059 38007 45003 46095 47009 9015 22089 36099 36123 48159 51069 5085 12129 29027 30109 36039 46129 48263 12017 17139 19119 21101 36011 36025 36035 36089 40051 40087 40129 40153 41069 46009 46037 46059 51101 55123 12053 12119 13223 17023 17041 17183 18095 18177 19141 20073 23001 24043 26127 26149 27081 29079 29209 34033 36017 36057 40149 46053 46097 46123 48077 48199 51005 13103 17105 22095 23003 27165 29167 31039 36073 36115 40033 40037 40093 47127 54035 17135 21007 21163 26069 26123 29063 29109 29175 36121 40035 40117 46025 51045 5053 21029 21215 26011 26129 29009 29225 33007 40081 55001 21225 26063 26113 29011 29113 40105 55041 55057 17013 17035 17061 17125 17149 18055 19051 26001 26079 26151 26153 29061 32009 55053 55077 55107 55137 17017 18001 18065 18113 19047 19089 19117 21005 21179 22063 23021 26133 29045 29171 35059 39097 39119 39129 39139 46057 54009 55078 55119 18115 18131 18145 18161 29013 29057 29083 29177 29199 29227 39007 39059 39073 39101 18017 18103 18109 18121 18165 19097 23025 29025 29197 39013 39081 39149 54051 55067 55083 55115 17171 18021 18073 18169 19005 19043 19177 29075 29117 29129 39147 42115 54057 55075 17015 17039 17169 18147 19009 19037 19133 19135 19159 19173 19185 31133 39143 39155 55027 55091 55099 55135 18085 18151 23017 26003 42007 42131 46077 55013 55047 17045 17085 17107 18029 18061 18091 19053 19123 26031 26097 31147 36009 36075 39003 39027 40003 40103 42081 46039 46085 50011 55023 55069 55081 55103 55121 16009 17075 18051 19007 19023 19115 19137 19179 20019 26101 27095 31107 31151 39023 46073 20049 27011 27115 27143 29219 16079 20107 26023 26143 26157 27065 27097 27153 32023 48361 17007 17057 46115 16003 17187 20201 26005 26165 27071 27135 29213 30089 31051 31067 31169 36097 40073 46087 46105 46111 54107 55005 5125 17011 19027 19155 19183 26091 27015 27043 30065 30105 31053 31065 31095 39109 39123 55105 55129 2201 16049 17049 17123 17177 18129 19145 20059 20127 20141 27079 27091 27161 30007 30033 31021 31089 31181 32017 36037 55003 55017 55039 55045 55113 56045 17053 19045 19057 19067 19081 19087 19151 19171 20039 20041 20163 26053 31003 31011 31027 31061 31069 31121 40053 46055 55095 56031 17073 19025 19091 20137 20143 20147 20183 20191 27085 27157 30055 31029 31083 31175 41023 46119 16037 17001 19075 19083 19129 19187 20029 20109 20135 20199 26137 27021 27077 29037 31141 31155 41057 46101 46125 55021 55055 56011 20027 27075 30027 30095 46029 46075 55031 8057 20105 20121 26029 27049 27147 30087 31049 31101 31161 56017 12015 17141 20167 26107 30069 30071 30083 31017 36045 36063 36117 38001 39093 56007 20001 20129 26025 26105 27005 31079 31103 31119 37029 38087 38095 46071 53039 56003 8121 13039 20165 21093 26049 27099 27121 28033 41035 41065 20047 26033 27111 27173 28059 41015 6027 16059 20009 27119 31057 38105 8075 16083 17159 20099 20125 20155 27067 27113 30075 48065 53013 53045 15007 20185 47125 20097 30017 41041 48221 51700 2232 8077 12031 12033 20145 48011 12035 12103 12113 15009 20079 20171 35027 41029 41061 15001 18003 20007 20113 27137 30029 30081 31159 31165 17133 20015 30013 30067 40017 2122 16025 26037 30015 2261 8103 16055 20083 38101 49003 53053 56025 20151 38091 41007 53009 4025 6043 20025 37051 48027 49057 51650 53057 6093 6005 6089 6091 6109 20071 32510 49039 53023 6009 20061 32001 32029 49027 16051 30021 6105 35035 38009 41011 41033 53069 27167 37133 53015 16023 41043 48099 32019 49007 53041 53051 4011 8081 16043 32033 53019 53027 8073 19063 38081 41019 49023 49009 2016 16045 4015 17033 32015 16011 38077 49025 53011 56033 49053 56021 2170 27141 26045 56019 2100 30045 56029 8015 12009 46081 46103 16085 17093 17197 27013 27027 29183 30001 35043 46083 26047 29047 30057 30111 31075 46099 55063 17037 30043 36069 53037 55035 12115 19049 25023 33003 20177 26139 34037 46127 9011 17109 31179 36103 39153 39173 40147 5045 9005 24013 24035 29051 36093 44003 20037 21239 29077 36029 36083 37175 40151 45063 51177 21015 27131 27169 29095 31127 33001 36007 36071 38003 39113 46013 55127 24037 30093 36113 46135 18173 19013 20103 23031 24009 26073 27145 29101 39085 55009 30009 30039 46079 46117 55033 17129 18059 19017 23011 26019 39045 41063 55029 55085 55087 18063 18127 20149 31117 17147 26103 30097 31177 55093 55131 17203 19059 20169 31099 31137 55007 56035 2060 31025 27055 29043 39103 19181 18163 26009 26083 36107 18067 19191 20013 20115 23019 30059 36041 55073 17115 18013 19127 29029 31131 34029 36003 36101 55111 55117 19125 20005 30103 39043 39089 55043 55125 55141 19029 19079 19031 19095 19149 55049 17067 19035 19073 19175 20139 29049 31059 31093 19071 19093 19105 30025 31139 39051 17131 18183 19019 19039 19065 19085 19111 19131 19161 26131 30023 55011 55037 17173 18033 19107 20117 26059 30061 31015 17117 20003 26057 31023 17101 18171 19055 19077 26071 39039 39137 55065 18007 18069 18107 18179 19165 39011 19099 20085 39159 20131 39167 55071 55061 18181 26109 39021 39171 54029 18015 18159 39175 18045 39037 39069 39135 18009 18049 29087 36049 39029 39033 39077 39115 18023 29115 39067 39111 54073 18031 18075 18111 18135 29041 39047 39117 42025 42099 18139 39065 39157 42005 42023 42065 42121 18133 42021 42035 42039 42015 42037 42083 29205 39005 42047 18071 18137 29103 42105 29033 29173 42113 18047 18093 29121 29135 42055 29007 54065 54091 5025 18117 18123 18175 21097 21103 22093 24019 29039 29151 29201 39079 50009 54041 5003 21081 47055 48313 54071 54105 18025 21155 21191 29149 29157 29185 29211 54053 1129 18041 18149 18155 39105 47085 54063 13319 18143 29139 47131 48457 5029 5055 5105 12003 12123 13195 17051 18027 21033 21123 22013 22031 22043 22121 29059 29105 29215 29229 40085 47043 47053 47073 47117 48335 5001 21023 21213 22037 22085 22111 39053 39131 40049 47083 5099 13131 13229 21009 22053 40005 47077 47079 54017 54019 5087 5109 5137 13105 13155 13251 13287 13303 21075 21141 21187 22045 22059 22067 22077 22091 22117 29207 45067 45081 47003 47017 47071 47109 47153 47159 47177 1035 1037 1079 5037 5067 5117 5129 13011 13109 13119 13267 21055 21069 22021 22047 22101 40001 45049 47099 47123 1021 5011 5073 5127 12059 13017 13027 13033 13091 13093 13197 13199 13293 28139 29065 35019 37065 45021 45039 45087 47033 51097 1107 5057 5121 13001 13159 13305 13321 21217 24039 28023 28161 29067 34011 35023 37187 40023 40067 45029 47103 48169 48285 51053 1025 5061 5083 5101 13111 13191 13299 21107 28039 37007 40063 47059 48083 48331 48405 48433 51011 51033 51063 54099 2050 2164 13147 37199 48051 12039 13175 13257 45001 48149 48207 48287 51091 54055 1091 13023 21221 22119 35037 47035 47089 51109 54081 5141 13171 13235 31037 31043 37167 45037 48055 48147 48379 5049 5081 5135 12075 12121 21039 29091 47147 48067 48151 48289 48403 48407 51017 5059 21083 29073 29131 29141 37169 39145 48241 48455 12007 12133 21139 26085 26135 29015 12107 12125 21149 22087 28111 28129 48125 51021 5097 12013 37033 13253 21041 29119 48291 28041 29055 29123 47069 1027 1075 5079 12029 13079 12077 13125 29179 5095 13149 13263 21105 21177 21183 47007 47039 47135 47185 51077 5075 13143 13259 21043 21085 21181 21219 22001 22099 28141 29069 37015 47081 47121 47139 51169 1007 1019 1023 1065 12027 12047 13061 13075 13161 13205 13233 21115 22029 28153 29093 29221 45053 48253 54045 1029 1063 13141 13193 21125 21207 28013 47115 51037 51141 13055 13213 21195 45061 45069 47169 1011 5147 13101 13107 18087 21087 21201 47025 48177 22065 22097 51049 5017 5149 13037 40057 45027 45089 5041 13071 13081 13317 21199 22027 22109 48115 51036 5133 45025 47143 12093 37079 48387 5071 12037 40029 48395 21229 47041 47075 22003 22057 22113 13167 13269 13271 21003 22025 29143 47097 47137 47181 51029 51139 2158 13007 21137 22127 54089 5039 54087 22023 22081 29203 47015 54007 5013 13005 13315 21027 21077 39001 47005 48351 13309 54005 54109 13049 47129 54043 13289 5021 13283 22007 22009 22041 29133 47029 47057 47087 47151 21065 54059 21099 29223 47013 47091 51051 13239 21127 21133 21135 29155 13163 13265 13301 21013 21095 21171 21175 22123 28157 51183 13065 21011 47067 21025 12049 13043 22039 28103 21231 13003 21045 21169 47173 54101 21203 47049 47133 21057 47027 21197 47061 47095 5111 21061 47111 21031 54013 13123 12067 13035 40107 47101 21223 51580 26119 29085 18101 29153 29186 54085 18119 47161 24011 29125 39087 39141 55019 29163 51071 5063 13231 21017 21167 22011 29217 40015 2290 13169 13237 40011 51171 54003 29127 50019 51015 54033 13207 18053 18099 22005 40043 54049 18077 23029 29005 39083 39169 42079 24001 29053 29107 31097 42127 46051 18037 24023 42117 29111 42073 39099 2180 22049 29195 51187 18125 39015 39071 54095 18079 21091 26035 13221 47183 2188 13209 21173 54025 13249 21233 13025 54023 54027 54031 54067 54075 42057 54077 42051 42059 42061 54001 54093 42109 42107 29017 54083 54103 29137 42033 42097 39031 42009 42111 39019 42053 29081 39121 39127 39107 42123 17071 17021 19003 16007 19011 20087 29003 39151 42103 54079 19157 20017 20031 55015 39063 39133 42129 19061 23007 42049 23027 42089 42043 50005 50017 34009 54069 18005 26061 42077 50021 18081 34015 34041 36077 21117 24047 36085 39017 39025 13097 18167 19021 21037 24045 30073 40047 40059 12089 19193 36015 36023 40007 40083 5007 8029 8085 19139 19167 21145 21209 35007 38093 46047 47189 51023 51115 8083 10001 13085 36065 47165 12069 17199 51145 22017 25013 51019 21113 29161 36021 47001 47113 48235 48417 54011 22051 22073 37179 40123 5031 13021 21073 40021 21035 21151 28087 47179 51133 51157 51790 37001 45043 48295 13095 48045 51770 37035 40025 48451 28081 45091 48309 51685 17181 45085 47011 48007 28075 25005 45077 35053 44007 45041 13139 1109 13261 48195 51147 24510 5143 13031 21227 22055 34007 51099 29031 51043 51065 18141 20111 47149 40039 48031 1003 12061 48171 48265 55079 1073 1125 18097 21111 28035 36111 39035 37021 37149 13051 35055 45045 17089 37099 37147 48269 41027 48143 48303 1101 12057 47157 12095 37125 40109 47065 48339 8003 12011 28073 28121 13127 13247 27007 37089 48167 48441 8123 48423 49019 53007 38089 48183 8065 28047 40065 41047 48039 48319 6045 48359 30005 30035 8071 35009 48129 1045 4007 6033 6049 38019 4009 17165 6103 28131 38005 12087 17143 20173 26081 48091 5119 12085 12099 13057 15003 24033 36027 51061 22103 36067 51161 24025 33011 51085 19153 20051 24003 33013 17167 25011 26111 27031 36091 51179 8007 31019 31055 51735 13073 21185 26077 46011 46065 30049 33015 36079 9007 9013 23005 34025 36001 36059 40119 44009 39049 39055 24005 25009 39057 22033 36055 39061 47093 1081 12021 37067 9003 17077 35001 37081 12117 26089 51041 51153 12109 26065 37129 45013 48397 13135 41051 45079 48259 1089 48209 4005 48491 27123 8079 27103 29165 30063 31109 25001 27019 55133 17111 27139 37055 6003 40027 53073 16019 31045 12091 16005 26055 41017 41039 48393 53063 8027 19113 24021 10003 34005 39165 50015 18157 19101 33009 42017 50023 50025 50027 42045 50001 40143 19163 33017 45035 51683 51680 51820 51079 13177 29097 29145 30101 36043 38073 40125 48009 51127 26145 27133 40145 20043 27045 36013 46069 18089 21059 24015 29021 46107 36095 54037 54039 17137 18035 42095 33019 40045 36031 50013 55097 55139 23023 25027 24041 50003 25003 33005 42003 23009 23013 23015 46033 55109 8045 51550 6023 32031 41000 41053 38097 19189 27171 31035 31185 17063 31041 31073 56027 19121 20089 26015 27059 31143 16041 19195 31149 20157 19015 26141 27125 48161 26051 18153 40137 47119 42101 8011 31013 31081 38027 4012 48315 1061 17003 28057 13133 46043 53077 13313 48371 28043 48305 48075 51640 28055 72049 1041 20175 53001 28083 72053 72057 72041
Cluster(12): 1087 8109 28021 48173
Cluster(13): 72005 72019 72091 72153
Cluster(14): 22125 28135 72007 72099 72101 72109 72115 48127 72011 72054 72073 72095 72151 72017 72055 48505 51027 72071 72103 72111 28119 48165 72059 72123 72149 72085 72121 28053 72047 72105 72143 48215 72003 72129 72141 72027 72079 72065 72029
Cluster(15): 48095 72013 72035 72043 72069 72009 72015 72075
Cluster(16): 21053 21063 21129 21131 21109 21121 21147
